1 88 82 71 - 85 81 68
2 88 75 66 - 81 68 60
3 86 76 69 - 85 77 68
4 86 81 68 - 89 76 70
5 89 81 68 - 87 79 74
6 88 73 64 - 91 81 71
7 79 67 58 - 82 69 63
8 87 83 77 - 89 79 71
9 86 73 63 - 87 75 62
10 83 76 61 - 88 77 68
11 83 78 70 - 84 79 61
12 87 78 70 - 85 77 76
13 86 76 66 - 87 76 64
14 87 75 69 - 87 83 73
15 76 69 62 - 88 75 63
16 86 79 73 - 90 78 67
17 86 76 65 - 81 69 63
18 84 77 73 - 89 78 70
19 78 68 58 - 83 68 59
20 87 75 65 - 81 71 61
21 87 75 66 - 88 76 70
22 87 75 70 - 89 82 73
23 91 84 76 - 87 75 66
24 79 74 68 - 84 76 68
25 88 77 68 - 87 77 71
26 91 75 64 - 83 69 60
27 88 76 62 - 90 82 73
28 85 78 69 - 86 75 67
29 79 70 63 - 82 67 59
30 87 76 68 - 85 75 67
31 84 77 69 - 84 77 65
32 83 70 64 - 83 77 67
33 86 75 69 - 81 73 65
34 91 79 67 - 90 83 77
35 81 72 67 - 85 80 72
36 82 73 62 - 80 75 68
37 82 75 65 - 90 78 69
38 92 81 69 - 88 72 64
39 88 82 68 - 88 76 72
40 86 75 63 - 85 68 62
41 86 78 67 - 87 77 66
42 83 74 68 - 79 69 61
43 85 76 69 - 81 74 61
44 82 74 70 - 85 79 65
45 81 74 67 - 83 74 68
46 82 72 67 - 88 75 69
47 86 73 64 - 89 86 78
48 89 82 65 - 88 79 73
49 87 78 70 - 87 76 64
50 88 79 69 - 89 79 75
51 86 78 65 - 81 74 65
52 87 77 69 - 92 82 78
53 81 68 62 - 82 72 62
54 82 69 56 - 90 80 64
55 84 73 64 - 86 74 65
56 89 82 69 - 87 80 74
57 90 87 77 - 87 80 72
58 84 72 61 - 85 79 74
59 86 64 57 - 81 70 59
60 87 75 63 - 90 82 68
61 86 70 61 - 94 88 76
62 88 77 68 - 82 73 66
63 82 74 64 - 81 77 67
64 87 79 67 - 85 72 66
65 89 81 67 - 91 80 72
66 81 72 63 - 79 70 68
67 85 76 66 - 85 77 69
68 89 81 70 - 92 81 71
69 89 81 69 - 88 75 66
70 80 67 60 - 84 75 65
71 86 75 67 - 84 78 69
72 81 74 66 - 84 74 64
73 88 79 71 - 92 86 79
74 87 77 67 - 84 77 69
75 91 85 74 - 87 75 66
76 89 80 75 - 87 80 67
77 88 81 67 - 80 74 63
78 84 71 66 - 87 73 58
79 84 76 69 - 88 80 66
80 86 79 62 - 84 76 65
81 87 80 69 - 89 80 70
82 89 80 70 - 83 78 69
83 86 72 62 - 90 79 69
84 82 78 73 - 83 79 70
85 83 75 64 - 83 71 62
86 85 75 69 - 89 82 70
87 83 72 61 - 84 72 64
88 88 77 68 - 83 73 68
89 90 78 74 - 85 74 66
90 87 79 73 - 83 74 67
91 92 79 70 - 92 83 74
92 85 78 68 - 83 71 64
93 84 73 63 - 88 75 70
94 85 71 60 - 78 73 61
95 88 74 66 - 83 74 65
96 88 76 69 - 89 75 69
97 87 82 72 - 85 76 64
98 87 74 67 - 87 78 69
99 87 78 70 - 90 79 68
100 83 75 65 - 87 81 70
